ncols         39
nrows         45
xllcorner     730086,45681251
yllcorner     7516530,3327177
cellsize      1000
NODATA_value  -9999 
3 2 2 2 1 1 1 2 2 4 6 6 4 3 5 6 5 4 4 3 3 3 3 3 3 4 3 4 4 3 4 5 3 4 4 4 4 4 6 
3 4 3 2 2 1 1 2 2 3 5 6 5 4 3 4 4 5 5 4 4 3 3 3 3 3 3 4 4 4 4 4 4 4 4 4 5 5 5 
3 4 4 4 3 2 2 3 3 3 4 5 5 5 3 3 4 4 6 5 5 4 3 3 3 4 4 4 4 4 4 5 4 4 5 5 5 5 5 
3 4 4 4 5 4 4 4 4 4 4 4 4 4 2 2 3 3 5 7 7 6 4 4 4 3 4 4 4 3 4 5 4 4 4 5 5 5 5 
3 3 5 5 4 4 4 5 5 4 4 4 4 4 2 2 2 2 3 6 9 9 6 4 4 4 4 4 4 4 4 4 4 4 4 4 5 5 4 
3 3 5 5 4 4 4 4 5 5 4 3 3 3 2 2 2 2 3 4 9 10 9 6 4 3 4 4 4 4 4 4 5 4 3 4 5 4 5 
4 4 5 6 6 5 4 4 5 4 3 3 2 3 2 3 3 3 2 4 10 12 10 7 4 3 4 4 4 4 4 4 4 5 4 4 4 5 5 
5 6 7 7 8 7 5 4 4 4 3 2 2 2 2 4 5 3 2 3 7 12 11 8 5 4 4 4 4 4 4 4 6 6 5 4 5 5 5 
5 7 9 10 9 7 6 5 4 3 3 2 2 2 3 5 8 6 3 3 5 9 10 8 6 4 4 4 4 4 4 4 5 6 5 5 5 5 5 
5 7 10 10 8 7 6 5 3 3 3 2 2 2 3 4 8 10 5 3 4 6 7 7 5 5 4 4 4 4 4 4 5 6 5 6 6 5 5 
4 6 8 9 7 5 5 4 3 3 3 3 2 2 3 4 6 10 7 5 4 5 6 6 5 4 4 4 4 4 4 4 5 6 6 6 6 5 6 
4 4 6 7 5 4 3 3 3 3 4 3 3 2 3 4 4 7 8 5 5 5 5 5 4 4 4 3 4 4 4 5 5 7 6 6 6 5 5 
4 4 4 5 5 3 3 3 3 3 4 4 3 3 4 4 4 5 7 6 6 5 5 4 4 4 3 4 4 4 5 5 5 6 6 7 6 6 6 
4 4 3 4 4 3 2 2 3 3 3 4 4 4 6 5 4 4 5 6 6 5 4 4 3 3 4 4 4 4 5 5 6 6 6 7 7 7 6 
3 3 3 3 3 2 2 2 3 3 3 4 4 3 8 7 5 4 4 4 4 5 4 3 3 3 3 4 5 4 5 5 5 5 6 6 6 5 6 
3 3 2 2 2 2 2 2 2 3 3 3 3 3 5 6 5 4 3 3 3 4 4 3 3 3 3 4 5 5 5 6 5 5 5 5 6 5 6 
3 3 3 3 3 2 2 2 2 3 3 4 4 3 3 4 4 4 3 3 3 3 3 3 3 2 3 4 4 4 5 5 5 5 4 4 4 5 6 
4 3 3 3 3 3 2 2 3 3 4 5 5 4 4 4 4 5 4 3 2 3 3 3 2 2 2 3 3 4 5 4 5 5 4 4 4 4 5 
5 4 3 3 3 3 2 2 3 4 4 7 9 7 5 4 5 5 4 3 3 2 3 2 2 2 2 3 3 3 4 4 4 4 4 4 4 5 5 
5 5 4 4 4 3 3 3 3 4 5 7 10 9 5 4 5 6 5 4 4 3 3 2 2 2 2 3 3 3 3 4 4 4 4 4 5 5 5 
4 5 5 5 4 3 3 3 4 5 5 6 7 7 4 4 4 6 6 5 4 3 3 2 2 2 2 3 3 3 3 3 4 4 4 5 5 5 5 
4 5 5 4 4 3 3 3 4 6 5 5 5 4 3 3 4 5 5 4 4 3 2 2 2 2 3 3 2 3 3 4 4 4 4 4 5 5 6 
3 3 3 3 4 4 4 4 4 5 6 6 5 3 2 2 2 3 3 3 3 3 2 2 2 2 2 2 2 3 4 4 4 3 3 4 4 5 6 
3 3 3 3 4 4 4 4 4 4 5 5 5 3 2 2 2 2 2 2 2 2 2 2 2 2 2 2 2 3 4 4 3 3 3 3 4 4 6 
3 3 3 3 3 4 4 4 4 4 4 4 4 3 2 2 2 2 2 2 2 2 2 2 2 2 2 2 2 3 4 4 4 4 3 3 3 4 6 
3 3 3 3 3 4 4 4 4 3 3 3 4 4 2 2 2 2 2 2 2 2 2 2 2 2 2 2 3 3 4 4 4 5 4 3 3 3 4 
3 3 3 3 3 3 4 4 4 3 3 3 3 4 3 2 2 2 2 2 2 2 2 2 2 2 2 2 3 3 5 5 4 5 4 4 4 3 4 
4 4 3 3 3 3 4 4 4 4 3 3 3 3 3 2 2 2 2 2 2 2 2 3 2 2 2 2 3 4 6 6 5 4 4 4 3 4 4 
4 4 4 3 3 3 3 4 4 4 4 3 3 4 3 3 2 2 2 2 2 2 2 3 3 3 3 3 3 4 6 7 4 4 4 3 3 3 3 
4 4 2 4 4 3 4 4 4 4 4 4 4 4 4 3 2 2 2 2 2 2 2 2 3 3 2 2 3 5 8 7 5 4 4 4 4 3 3 
4 4 4 4 4 4 4 4 4 4 4 4 4 5 4 3 2 2 2 2 2 2 2 2 3 3 2 2 3 6 8 7 5 4 4 4 5 4 3 
4 4 4 4 4 4 4 4 4 4 4 4 4 5 4 3 2 2 2 2 2 2 2 2 3 3 3 2 3 5 10 7 4 4 5 5 6 4 3 
5 4 4 4 4 4 4 4 4 4 4 4 4 5 4 3 2 2 3 2 2 2 2 2 3 4 3 3 3 5 9 7 4 4 4 4 4 5 4 
4 4 4 5 5 4 4 4 4 4 4 5 5 5 3 3 3 3 3 3 2 2 2 3 3 4 3 2 2 5 8 6 4 4 4 4 4 4 3 
4 4 4 5 5 4 4 5 4 5 5 6 6 5 3 3 3 3 3 3 3 2 2 2 3 3 3 2 2 4 6 5 4 3 4 4 3 3 3 
4 4 5 5 4 4 4 4 4 4 5 7 6 5 4 3 3 3 2 2 3 2 2 2 3 3 3 2 2 4 5 5 3 3 4 5 5 5 5 
4 4 4 4 4 4 4 4 4 4 5 7 5 4 4 3 2 2 2 2 3 2 2 2 2 3 3 3 3 4 3 3 3 3 5 6 6 5 6 
4 4 4 4 4 4 4 4 4 4 5 6 5 4 3 3 2 2 2 2 3 3 2 2 2 2 3 3 3 4 3 3 3 4 5 7 6 6 6 
4 4 3 3 4 4 4 4 4 4 5 6 5 4 4 3 2 2 2 2 3 3 3 3 3 2 2 2 3 3 3 3 2 3 4 5 5 5 4 
3 3 3 4 4 4 4 4 4 5 6 5 4 3 4 3 2 2 2 3 2 3 3 2 2 2 1 2 1 1 1 2 2 2 2 4 4 4 4 
3 3 4 4 4 4 4 4 4 4 5 5 4 3 3 3 2 2 2 2 2 2 2 2 1 1 1 1 1 1 1 1 1 1 1 2 2 1 2 
2 3 3 4 4 3 3 3 3 3 4 4 4 3 3 3 2 2 2 2 2 2 2 2 1 1 1 1 1 1 1 1 1 1 1 1 1 1 2 
2 3 3 3 3 3 3 3 3 3 3 3 4 3 3 3 2 2 2 2 2 2 2 1 1 1 1 1 1 1 1 1 1 1 1 1 2 1 2 
3 3 3 3 3 3 3 3 3 3 2 3 3 3 2 2 2 1 1 1 2 2 2 1 1 1 1 1 1 1 1 1 1 1 1 1 1 1 1 
2 2 2 2 2 2 2 2 2 2 2 2 3 2 2 2 1 1 1 1 2 2 1 1 1 1 1 1 1 1 1 1 1 0 1 1 1 1 1 
