ncols         39
nrows         45
xllcorner     730086,45681251
yllcorner     7516530,3327177
cellsize      1000
NODATA_value  -9999 
0 1 1 1 0 0 0 0 0 0 1 1 1 0 0 0 0 0 0 0 1 2 2 2 3 3 4 5 6 7 6 5 7 6 4 5 8 7 7 
1 1 1 0 0 0 0 0 0 1 1 1 1 0 0 0 0 0 0 0 1 2 2 3 4 4 4 4 6 6 8 6 4 4 4 4 7 8 8 
1 1 0 0 0 0 0 0 0 1 1 1 1 0 0 0 0 0 0 0 2 3 2 3 5 5 3 4 6 6 6 4 4 3 3 4 4 6 7 
0 0 0 0 0 0 0 0 0 1 1 1 0 0 0 0 0 0 0 1 2 3 3 3 5 5 4 3 4 4 5 5 3 3 3 4 3 3 4 
0 0 0 0 0 0 0 0 0 0 0 0 0 0 0 0 1 1 1 1 2 4 4 2 3 5 5 4 4 3 3 3 3 2 3 4 3 3 2 
0 0 0 0 0 0 0 0 0 0 0 0 0 0 1 1 3 3 2 2 2 4 3 2 2 3 4 4 4 3 3 3 3 2 3 4 3 3 2 
0 0 1 1 0 0 0 0 0 0 0 0 0 0 1 3 5 6 3 3 3 4 4 3 2 2 3 4 4 3 4 3 3 3 4 4 3 3 3 
0 1 1 2 2 1 2 1 1 1 1 0 0 0 1 3 5 5 5 5 5 5 5 4 3 3 3 3 3 4 5 4 4 3 4 4 3 4 4 
1 1 1 1 2 2 2 2 2 1 1 1 1 0 1 1 2 3 3 4 6 6 5 5 3 3 3 3 3 3 4 5 4 3 5 4 3 4 4 
1 1 0 0 1 1 1 1 1 1 1 1 1 0 0 0 1 1 1 3 5 7 6 5 4 3 3 3 3 3 4 6 5 3 5 6 5 3 4 
0 0 0 0 1 1 1 1 1 1 1 1 1 0 0 0 0 0 1 1 3 4 5 5 5 4 4 4 4 4 5 6 6 5 5 7 6 4 4 
0 0 0 0 1 1 1 1 1 1 1 2 1 0 0 0 0 0 1 1 1 2 3 4 5 4 4 5 6 5 5 7 8 6 6 6 8 5 5 
0 0 0 0 1 1 1 1 1 1 2 3 2 1 0 0 1 1 1 1 1 1 2 2 3 4 4 6 8 8 6 8 8 8 9 7 8 7 8 
0 0 0 0 1 1 1 2 2 2 3 4 5 3 1 1 1 1 1 2 1 1 1 1 2 3 4 6 8 7 5 6 8 7 10 11 10 8 8 
1 1 1 0 1 1 1 2 2 2 4 4 6 5 2 1 1 1 2 1 1 0 0 1 2 3 3 5 6 5 5 5 7 5 12 13 12 10 8 
1 1 1 1 1 2 2 1 1 2 3 4 4 4 3 2 1 1 1 1 1 0 0 1 2 3 3 4 5 3 3 4 6 4 4 9 13 11 9 
1 1 1 1 1 2 2 2 1 1 2 3 3 2 2 1 1 1 1 1 1 0 0 0 1 2 3 3 3 2 2 3 3 3 3 5 9 8 10 
1 1 1 2 2 2 2 2 2 1 1 1 2 2 1 0 0 0 1 1 1 1 1 0 1 1 2 2 1 1 1 2 3 3 3 3 7 9 13 
1 2 2 2 2 2 3 3 2 1 1 1 1 2 0 0 0 0 0 1 1 2 2 1 1 1 1 1 1 1 1 1 2 3 2 2 4 9 12 
2 2 3 3 2 2 3 4 3 3 2 1 2 2 0 0 0 0 1 1 1 1 2 2 1 0 0 0 0 0 1 1 2 3 2 2 4 6 9 
2 2 3 2 2 2 2 3 3 3 3 2 2 2 0 0 0 1 1 1 1 1 2 3 2 1 0 0 0 0 0 1 1 2 2 2 3 4 6 
2 3 3 2 1 1 1 2 2 2 2 2 1 1 1 0 0 1 1 1 1 2 2 3 2 1 1 0 0 0 0 0 1 1 1 2 3 3 6 
0 1 3 4 2 1 1 1 1 2 2 2 1 1 2 2 2 2 2 1 1 2 2 2 1 2 2 1 0 0 0 1 1 1 1 1 3 5 14 
1 1 2 4 3 2 2 2 2 2 2 2 2 2 2 2 2 3 3 2 1 1 2 2 1 1 2 1 1 1 1 1 1 2 1 2 3 6 13 
1 2 2 3 4 3 3 2 1 2 2 2 2 2 3 3 3 3 3 2 2 1 1 1 1 1 2 1 1 1 1 1 2 3 3 4 6 8 13 
2 2 2 2 2 2 2 1 1 1 2 3 2 2 2 2 2 3 2 2 2 1 1 1 0 0 1 1 1 0 1 3 4 4 4 6 9 11 11 
1 2 2 2 1 1 1 1 1 1 2 3 3 2 2 2 1 2 2 1 1 1 1 0 0 0 1 1 1 0 1 4 6 5 5 8 11 13 12 
1 1 2 1 1 0 0 1 1 1 2 2 2 2 1 1 1 1 1 1 1 1 0 0 0 0 1 1 1 1 1 5 8 5 5 6 8 9 9 
0 1 2 1 1 0 0 1 1 2 2 2 1 1 1 1 0 0 0 0 0 1 0 0 1 1 1 1 1 1 1 4 9 7 6 6 7 9 9 
0 0 1 1 1 1 1 1 1 1 1 1 0 0 0 0 0 0 0 0 0 0 0 1 1 1 1 1 1 1 1 3 8 9 8 9 8 8 9 
1 1 2 1 1 1 1 1 1 1 1 1 0 0 1 1 0 0 0 0 0 0 0 1 1 1 1 1 1 1 2 3 6 11 8 8 7 7 6 
1 2 1 2 2 1 1 1 1 1 1 1 0 0 1 1 1 0 0 0 0 0 0 1 0 1 1 1 2 2 2 3 6 13 7 6 6 6 6 
2 2 2 2 2 1 1 1 2 2 2 1 0 0 1 1 0 0 0 0 0 0 0 0 0 0 1 1 2 2 2 3 5 9 8 6 5 6 4 
1 2 3 2 2 1 1 1 2 2 1 1 0 0 1 0 0 0 0 0 0 0 0 0 0 0 1 1 1 2 2 3 3 7 8 5 4 4 4 
0 1 5 4 2 2 1 2 2 1 1 0 1 1 0 0 0 0 0 0 0 0 0 0 0 0 0 1 1 1 2 2 2 5 6 3 3 3 2 
0 1 3 3 3 2 2 2 2 1 0 0 1 1 0 0 0 0 0 0 0 0 0 0 0 0 0 0 1 1 1 1 1 3 6 4 6 5 3 
0 1 2 2 4 3 2 1 1 0 0 0 0 0 0 0 0 0 0 0 0 0 0 0 0 0 0 0 0 1 0 1 1 1 6 5 6 5 3 
0 1 2 2 3 2 2 1 0 0 0 0 0 0 0 0 0 0 0 0 0 0 0 0 0 0 0 0 0 0 0 0 0 1 5 5 8 6 4 
0 0 1 2 2 1 1 0 0 0 0 0 0 0 0 0 0 0 0 0 0 0 0 0 0 0 0 0 0 0 0 0 0 1 3 4 6 5 3 
0 0 0 1 1 0 0 0 0 0 0 0 0 0 0 0 0 0 0 0 0 0 0 0 0 0 0 0 0 0 0 0 0 1 2 3 5 4 3 
0 0 0 0 0 0 0 0 0 0 0 0 0 0 0 0 0 0 0 0 0 0 0 0 0 0 0 0 0 0 0 0 0 0 0 1 1 1 0 
0 0 0 0 0 0 0 0 0 0 0 0 0 0 0 0 0 0 0 0 0 0 0 0 0 0 0 0 0 0 0 0 0 0 0 0 1 0 0 
0 0 0 0 0 0 0 0 0 0 0 0 0 0 0 0 0 0 0 0 0 0 0 0 0 0 0 0 0 0 0 0 0 0 0 0 0 0 0 
0 0 0 0 0 0 0 0 0 0 0 0 0 0 0 0 0 0 0 0 0 0 0 0 0 0 0 0 0 0 0 0 0 0 0 0 0 0 0 
0 0 0 0 0 0 0 0 0 0 0 0 0 0 0 0 0 0 0 0 0 0 0 0 0 0 0 0 0 0 0 0 0 0 0 0 0 0 0 
