ncols         39
nrows         45
xllcorner     730086,45681251
yllcorner     7516530,3327177
cellsize      1000
NODATA_value  -9999 
1 2 2 3 3 3 3 5 8 7 4 3 2 2 1 1 1 1 1 2 3 4 6 15 18 11 5 2 1 0 0 0 1 1 3 1 0 0 0 
2 2 2 2 2 2 2 4 7 6 4 3 3 2 2 2 2 3 1 2 6 7 7 14 15 13 7 3 1 1 0 0 0 1 2 2 0 0 0 
2 2 2 2 2 2 2 3 5 6 4 4 4 4 4 3 3 5 4 3 7 11 11 14 16 14 11 6 2 1 0 0 0 0 1 1 0 0 0 
2 2 2 2 2 2 3 3 4 5 5 6 6 5 6 6 6 8 8 5 7 15 16 16 17 16 13 10 3 1 1 0 0 0 0 1 0 1 0 
2 2 2 2 2 2 3 3 4 5 6 8 8 7 8 10 10 12 13 8 7 16 19 16 17 17 13 10 6 2 0 0 0 0 0 0 0 1 1 
1 2 2 2 2 2 2 3 4 6 7 8 8 8 8 12 13 12 10 7 7 12 17 18 16 15 13 11 6 2 1 0 0 0 0 0 0 1 1 
1 2 2 2 2 2 2 3 4 6 7 8 8 8 8 11 12 10 11 7 9 10 14 17 17 15 12 11 8 2 0 0 0 0 0 0 0 1 2 
1 1 1 1 1 1 2 2 4 6 7 8 8 8 10 12 12 9 8 8 11 13 14 16 17 14 12 9 7 2 0 0 0 0 0 0 1 1 4 
1 1 1 1 1 1 1 2 3 5 7 8 8 8 11 13 11 9 7 8 13 14 14 16 16 13 8 8 6 3 0 0 0 0 0 0 1 2 4 
1 1 1 1 1 1 1 1 2 4 7 9 9 8 10 13 10 8 9 8 11 13 12 13 13 12 8 8 6 4 0 0 0 0 0 0 1 3 5 
2 1 1 1 1 1 1 1 2 3 5 8 8 7 9 11 9 8 8 10 10 11 10 12 11 8 8 7 5 4 1 0 0 0 0 0 1 3 5 
2 2 2 2 2 1 1 1 2 2 4 6 7 6 7 9 7 7 8 9 9 10 8 10 9 6 6 6 3 4 2 1 1 1 1 0 1 4 5 
2 2 2 2 2 1 1 1 2 2 3 4 5 5 5 7 7 7 9 10 8 7 6 7 7 5 5 6 4 2 2 1 1 1 2 1 1 3 5 
2 2 2 2 2 1 1 1 2 2 3 3 4 4 5 6 7 7 7 7 7 6 6 6 5 4 4 5 6 2 2 2 2 2 2 2 2 3 5 
3 2 2 2 2 1 1 2 2 2 2 3 3 3 5 6 6 5 5 5 5 5 5 4 4 5 4 3 3 2 2 2 3 2 2 2 2 3 4 
3 3 2 2 2 2 2 2 2 2 2 3 3 3 5 7 6 4 4 4 4 4 4 4 4 4 4 3 2 1 1 2 2 2 1 1 2 3 4 
4 3 3 2 2 2 2 2 2 2 2 3 3 3 5 6 5 4 3 3 4 4 4 4 4 3 4 3 2 1 1 1 2 2 1 1 2 2 4 
4 4 3 2 2 2 2 2 2 2 3 3 3 3 5 6 5 3 3 3 4 3 3 4 4 3 3 2 1 1 1 1 1 2 1 1 2 2 3 
4 4 3 2 2 2 2 2 2 3 4 4 4 3 4 5 4 3 3 3 3 2 2 3 4 3 2 1 1 1 1 1 1 2 2 2 2 3 3 
4 3 3 2 2 2 2 2 2 3 5 5 4 4 4 6 4 3 2 2 2 2 2 2 3 3 2 1 1 1 1 1 2 2 3 3 3 3 3 
4 3 3 2 2 2 2 3 3 4 5 5 4 4 4 5 4 2 2 1 1 1 2 2 2 3 2 2 1 1 0 1 2 2 2 3 3 3 3 
4 3 3 3 2 3 3 3 4 4 4 4 4 3 4 5 4 2 2 1 1 1 1 2 2 2 2 2 2 1 1 1 1 3 2 3 4 5 4 
4 4 4 3 4 4 4 5 6 6 5 4 3 3 4 5 4 3 2 2 1 1 1 1 2 2 1 2 3 3 2 1 2 3 5 5 5 6 3 
4 4 4 4 5 5 4 4 6 5 5 4 3 2 4 4 3 3 3 2 1 1 1 2 2 2 2 1 3 4 3 2 2 3 5 6 5 5 4 
5 5 4 4 5 5 4 4 5 4 4 4 3 2 4 4 3 3 3 3 1 1 1 1 2 2 2 1 2 3 3 2 2 2 4 5 4 5 5 
5 5 4 4 4 5 4 4 4 4 4 3 3 2 4 4 3 3 4 4 2 1 1 1 1 2 2 2 1 2 3 2 2 2 3 4 3 3 4 
5 5 4 4 4 5 5 5 5 4 4 3 3 3 4 4 3 3 3 4 3 1 1 1 1 1 2 2 1 2 2 2 2 1 2 3 2 3 4 
5 5 4 4 5 5 5 5 5 5 4 3 3 3 5 4 2 2 2 4 4 1 1 1 1 1 2 1 1 1 2 2 2 1 2 3 2 2 3 
5 5 5 5 5 5 5 5 5 5 5 3 3 4 5 3 2 2 2 3 5 1 1 1 1 1 2 1 1 1 2 2 1 1 1 2 2 2 3 
4 5 5 6 6 5 5 5 5 5 5 4 3 4 4 3 2 2 2 3 4 2 1 1 1 1 2 1 1 1 1 1 1 1 1 2 2 2 3 
4 5 6 6 5 4 4 4 5 5 4 4 3 4 3 2 2 2 2 2 2 2 1 1 2 2 2 1 1 1 1 1 1 1 2 2 3 3 4 
5 5 5 6 5 4 4 4 5 5 4 3 3 3 3 2 2 1 1 2 2 1 2 2 3 3 2 1 1 1 1 1 1 2 3 3 3 3 3 
5 5 5 5 4 4 4 4 4 5 5 4 3 3 3 2 1 1 1 1 1 1 2 2 4 4 3 2 1 1 1 1 1 2 3 3 2 2 3 
5 5 4 4 4 3 3 3 4 4 5 4 3 2 2 2 1 1 1 1 1 2 3 3 4 4 3 2 1 1 1 1 1 1 3 2 2 2 2 
5 5 4 4 4 3 3 3 3 4 4 3 2 2 1 1 1 1 1 1 1 2 3 3 3 4 3 2 1 1 1 1 1 1 2 2 2 2 2 
4 4 3 3 3 3 3 3 3 4 4 3 2 1 1 1 1 1 0 1 1 1 2 2 3 3 3 2 1 1 1 1 1 1 1 2 2 2 2 
4 3 3 3 3 3 3 3 3 3 3 3 2 1 1 1 0 0 0 0 1 1 2 2 3 3 3 2 2 1 1 1 1 1 1 1 1 1 1 
3 2 2 2 2 2 2 2 2 3 3 3 2 1 0 0 1 1 0 0 1 1 1 2 2 4 4 2 1 1 1 1 1 1 1 1 1 1 1 
2 2 2 2 2 2 2 2 2 2 2 2 2 1 0 0 0 1 0 0 1 1 1 1 2 4 4 2 1 1 1 1 1 1 1 1 1 1 0 
2 2 1 1 1 2 2 2 1 1 2 2 2 1 1 0 0 1 0 0 1 1 1 1 1 2 2 1 1 1 1 1 1 0 0 0 1 0 0 
2 2 1 1 1 2 1 1 1 1 1 2 1 1 0 0 0 0 0 0 1 0 1 0 1 1 1 1 1 1 0 1 1 1 0 0 0 1 0 
2 2 1 1 1 2 1 1 1 1 1 1 1 1 0 0 0 0 0 0 1 1 1 0 0 1 1 1 1 1 0 1 1 1 0 0 0 1 0 
2 1 1 1 1 1 1 1 1 1 0 0 0 0 0 0 0 0 0 0 1 1 0 0 0 1 1 2 1 1 1 1 1 0 0 0 0 1 0 
1 1 1 1 1 1 1 1 1 1 0 0 0 0 0 0 0 0 0 0 1 1 0 0 0 0 1 1 1 1 1 1 0 0 0 0 0 0 0 
1 0 0 1 1 1 1 1 1 1 0 0 0 0 0 0 0 0 0 0 0 0 0 0 0 0 1 1 1 1 1 1 0 0 0 0 0 0 0 
