ncols         39
nrows         45
xllcorner     730086,45681251
yllcorner     7516530,3327177
cellsize      1000
NODATA_value  -9999 
0 0 0 0 0 0 0 0 0 0 0 0 0 0 0 0 0 0 0 0 0 0 0 0 0 0 0 1 3 4 7 12 24 12 3 1 0 0 0 
0 0 0 0 0 0 0 0 0 0 0 0 0 0 0 0 0 0 0 0 0 0 0 0 0 0 0 1 3 5 7 10 12 9 4 1 0 0 0 
0 0 0 0 0 0 0 0 0 0 0 0 0 0 0 0 0 0 0 0 0 0 0 0 1 0 0 1 4 5 6 7 7 9 2 1 0 0 0 
0 0 0 0 0 0 0 0 0 0 0 0 0 0 0 0 0 0 0 0 0 0 0 1 3 2 3 2 4 6 6 5 4 4 2 1 0 0 0 
0 0 0 0 0 0 0 0 0 0 0 0 0 0 0 0 0 0 0 0 0 0 0 1 5 6 6 5 6 7 6 5 4 3 2 1 0 0 0 
0 0 0 0 0 0 0 0 0 0 0 0 0 0 0 0 0 0 0 0 0 0 0 0 2 5 7 7 8 8 6 6 2 2 2 1 0 0 1 
0 0 0 0 0 0 0 0 0 0 0 0 0 0 0 0 0 0 0 0 0 0 0 0 1 3 4 6 10 7 5 6 3 1 1 1 0 0 0 
0 0 0 0 0 0 0 0 0 0 0 0 0 0 0 0 0 0 0 0 0 0 0 0 0 0 2 3 6 6 4 3 1 1 1 1 1 0 0 
0 0 0 0 0 0 0 0 0 0 0 0 0 0 0 0 0 0 0 0 0 0 0 0 0 0 0 1 2 2 2 1 1 0 0 2 1 0 0 
0 0 0 0 0 0 0 0 0 0 0 0 0 0 0 0 0 0 0 0 0 0 0 0 0 0 0 0 1 1 1 1 1 0 0 1 1 1 0 
0 0 0 0 0 0 0 0 0 0 0 0 0 0 0 0 0 0 0 0 0 0 0 0 0 0 0 0 0 1 1 1 0 0 0 0 0 0 0 
0 0 0 0 0 0 0 0 0 0 0 0 1 1 1 2 1 1 1 1 0 0 0 0 0 0 0 0 0 1 1 1 0 0 0 0 0 0 0 
0 0 0 0 0 0 0 0 1 1 1 2 3 3 4 5 4 3 3 2 2 2 2 1 1 0 0 0 0 0 1 1 0 0 0 0 0 0 0 
0 0 0 0 0 0 0 0 0 1 1 4 6 7 6 10 9 6 6 5 5 5 4 2 1 0 0 0 0 0 0 0 0 0 0 0 0 0 0 
0 0 0 0 0 0 0 0 0 0 1 5 10 13 12 16 17 10 10 9 7 10 6 3 2 1 0 0 0 0 0 0 1 1 0 0 0 0 0 
0 0 0 0 0 0 0 0 0 0 2 7 16 26 23 22 28 19 15 15 11 11 8 5 2 1 0 0 0 0 0 0 1 2 3 0 0 0 0 
0 0 0 0 0 0 0 0 0 0 1 6 19 37 42 41 47 36 24 20 16 12 6 4 3 1 0 0 0 0 0 0 0 2 5 1 0 0 0 
0 0 0 0 0 0 0 0 0 0 0 4 17 41 71 71 73 64 42 28 21 13 7 5 3 2 1 0 0 0 0 0 1 3 7 3 1 1 0 
0 0 0 0 0 0 0 0 0 0 0 3 16 43 102 95 96 86 59 37 27 16 8 5 4 2 1 1 0 0 1 1 1 3 7 7 4 2 1 
0 0 0 0 0 0 0 0 0 0 0 2 12 37 89 93 88 89 66 48 36 19 9 7 4 2 1 1 0 0 1 2 4 6 10 8 7 4 6 
0 0 0 0 0 0 0 0 0 0 0 2 7 21 61 63 56 78 61 44 31 21 10 8 6 3 2 1 1 2 3 4 4 7 8 6 9 7 7 
0 0 0 0 0 0 0 0 0 0 0 1 3 9 34 38 37 42 44 37 27 19 12 9 7 4 2 2 2 4 5 9 6 8 9 7 9 8 9 
0 0 0 0 0 0 0 0 0 0 0 0 1 3 7 11 14 15 17 15 14 16 11 8 9 6 2 2 3 6 8 14 9 5 3 5 7 7 7 
0 0 0 0 0 0 0 0 0 0 0 0 0 1 4 5 9 11 10 8 9 11 9 7 9 8 3 3 3 5 6 8 10 10 4 4 7 6 7 
0 0 0 0 0 0 0 0 0 0 0 0 0 1 2 3 5 6 6 5 5 7 5 4 7 9 4 3 3 3 5 5 8 12 6 6 7 6 8 
0 0 0 0 0 0 0 0 0 0 0 0 0 1 2 2 3 3 3 3 3 4 4 3 5 9 4 2 3 2 2 4 5 12 10 8 7 6 8 
0 0 0 0 0 0 0 0 0 0 0 0 0 0 1 1 1 1 1 1 2 2 3 3 4 5 5 2 2 2 2 3 3 7 11 10 7 6 5 
0 0 0 0 0 0 0 0 0 0 0 0 0 0 0 0 0 1 1 1 1 1 2 2 3 4 5 2 1 1 2 2 3 6 8 10 5 3 4 
0 0 0 0 0 0 0 0 0 0 0 0 0 0 0 0 0 0 0 0 0 1 1 1 2 3 5 3 1 1 1 0 1 4 6 11 5 3 3 
0 0 0 0 0 0 0 0 0 0 0 0 0 0 0 0 0 0 0 0 0 0 1 1 1 3 4 3 1 0 1 0 0 2 2 3 3 2 3 
0 0 0 0 0 0 0 0 0 0 0 0 0 0 0 0 0 0 0 0 0 0 0 0 0 1 3 2 1 0 0 0 0 1 1 1 2 1 2 
0 0 0 0 0 0 0 0 0 0 0 0 0 0 0 0 0 0 0 0 0 0 0 0 0 1 2 1 0 0 0 0 1 0 0 1 1 1 2 
0 0 0 0 0 0 0 0 0 0 0 0 1 0 0 0 0 0 0 1 1 1 1 1 1 1 1 1 0 0 0 0 1 1 0 0 0 1 1 
0 0 1 0 0 0 1 1 1 1 1 1 1 0 0 0 0 0 1 2 2 2 1 1 1 1 1 1 1 0 0 0 1 1 0 0 0 0 1 
0 0 0 0 0 0 2 3 2 2 2 2 2 1 0 0 0 1 1 4 4 3 3 2 2 2 2 2 1 0 0 0 0 0 0 0 0 0 1 
0 0 0 0 1 0 1 5 3 1 3 2 2 2 1 0 1 1 1 4 5 4 4 2 2 3 3 3 3 1 0 0 0 0 0 0 0 0 1 
0 0 0 0 1 1 1 5 3 1 2 3 2 2 1 1 1 1 2 4 5 6 5 3 3 3 4 5 5 2 2 2 1 0 0 0 0 0 1 
0 0 0 0 0 1 0 3 2 1 1 2 2 2 2 1 1 1 2 4 6 9 6 3 3 4 4 4 6 3 4 4 2 0 0 0 0 0 1 
0 0 0 0 0 0 0 1 2 2 1 1 1 2 3 1 1 1 2 3 4 9 7 4 4 4 4 4 7 4 4 6 3 1 0 0 0 0 0 
0 0 0 0 0 0 0 0 1 2 1 0 1 1 3 1 1 1 1 2 3 6 6 4 4 3 3 3 3 3 3 6 5 1 1 0 0 0 0 
0 0 0 0 0 0 0 0 0 1 1 0 0 1 2 1 0 0 0 1 2 3 3 3 3 3 2 2 3 2 2 3 3 2 2 1 0 0 0 
0 0 0 0 0 0 0 0 0 0 0 0 0 0 0 0 0 0 0 1 1 1 1 2 2 3 2 2 3 2 2 3 3 3 3 1 1 0 1 
0 0 0 0 0 0 0 0 0 0 0 0 0 0 0 0 0 0 0 1 0 0 1 1 2 2 2 2 2 2 2 2 2 3 3 2 1 1 1 
0 0 0 0 0 0 0 0 0 0 0 0 0 0 0 0 0 0 0 0 0 0 1 1 1 2 1 1 2 2 2 2 1 2 2 1 1 0 0 
0 0 0 0 0 0 0 0 0 0 0 0 0 0 0 0 0 0 0 0 0 0 1 1 1 1 1 1 2 1 1 1 1 1 2 1 1 0 0 
