ncols         39
nrows         45
xllcorner     730086,45681251
yllcorner     7516530,3327177
cellsize      1000
NODATA_value  -9999 
4 4 4 4 4 5 4 3 2 1 1 1 3 4 1 0 0 0 0 0 0 0 0 0 0 1 1 0 0 0 0 0 0 0 0 0 1 2 2 
3 4 3 3 4 4 4 4 2 1 1 1 4 7 1 0 0 0 0 0 0 0 0 0 0 0 0 0 0 0 0 0 0 0 0 0 1 4 3 
3 3 3 3 4 4 4 4 3 2 2 3 4 5 1 0 0 0 0 0 0 0 0 0 0 0 0 0 0 0 0 0 0 0 0 1 3 5 8 
3 4 4 3 3 3 4 4 3 3 3 4 3 3 1 1 1 0 0 0 0 0 0 0 0 0 0 0 0 0 0 0 0 0 0 1 6 11 12 
2 3 4 4 2 2 3 3 3 3 2 2 3 2 1 1 1 1 0 0 0 0 0 0 0 0 0 0 0 0 0 0 0 0 1 3 7 11 11 
2 2 4 4 2 1 2 2 2 3 2 1 1 1 1 2 1 1 1 0 0 0 1 1 0 0 0 1 1 0 0 0 0 2 2 3 8 9 10 
1 2 3 4 2 1 1 2 2 3 3 1 1 1 2 3 3 2 1 0 0 0 1 2 2 1 2 1 1 1 1 1 1 2 9 7 8 7 4 
1 2 2 3 2 1 1 2 3 3 2 2 2 3 4 4 4 2 1 0 0 0 1 4 5 5 4 3 2 1 1 1 2 2 8 5 5 5 3 
1 1 2 2 2 1 1 2 3 2 1 1 2 5 6 4 4 2 1 1 1 1 2 5 7 8 9 7 4 2 2 2 2 3 3 5 4 5 4 
1 1 1 1 1 1 1 1 2 1 1 1 2 5 8 5 4 3 2 1 1 2 4 7 11 13 12 8 5 3 3 3 4 2 2 3 4 7 5 
1 1 1 1 1 1 1 1 1 1 1 2 3 5 9 6 5 3 2 2 2 5 7 10 12 18 18 10 5 4 4 4 5 4 3 2 4 5 7 
1 1 1 1 1 1 1 1 1 1 1 2 4 6 11 7 8 5 3 3 3 4 8 10 12 18 19 14 6 5 6 5 6 6 5 3 4 5 8 
0 1 1 1 1 1 1 1 1 1 2 4 7 8 12 9 9 10 6 5 5 5 9 11 14 17 20 17 9 6 8 6 5 6 8 5 6 7 10 
0 1 1 1 1 1 1 1 1 2 3 6 8 11 15 11 10 12 10 11 8 7 8 11 15 19 26 21 13 7 8 6 5 6 9 9 12 10 9 
1 1 1 1 1 1 2 2 2 3 6 9 11 13 18 14 12 13 13 10 8 8 11 13 15 19 27 23 17 10 8 6 6 6 10 10 13 16 11 
1 1 1 1 1 1 3 3 2 5 11 13 13 14 15 17 13 14 12 8 8 8 11 14 15 20 25 23 19 11 9 7 6 5 5 9 15 17 10 
0 0 1 1 1 1 3 4 3 5 10 12 11 10 11 12 14 15 9 5 6 6 10 13 15 15 18 20 19 13 10 7 7 7 4 7 12 10 7 
0 0 0 0 1 1 2 3 4 5 6 7 7 6 8 8 11 12 9 4 4 4 6 9 9 12 13 13 11 10 11 6 5 4 4 8 10 7 4 
0 0 0 0 1 1 1 2 3 4 4 4 5 5 6 6 9 9 7 4 3 2 3 6 6 8 9 9 8 7 7 5 4 4 4 6 8 6 3 
0 0 0 1 1 1 1 2 2 2 3 3 5 6 6 6 8 8 7 4 3 2 2 3 4 5 6 6 6 7 6 3 2 3 5 6 5 4 2 
1 1 1 1 1 2 2 2 2 3 4 4 5 6 7 6 6 6 5 4 3 2 1 2 2 3 4 5 5 4 5 3 2 2 3 3 3 3 2 
1 1 2 2 3 3 3 4 4 5 5 5 5 6 6 5 4 4 4 3 2 1 0 1 2 3 4 4 5 3 4 2 1 1 2 2 1 1 1 
2 2 4 6 7 8 7 6 5 5 4 3 3 4 3 2 2 2 3 1 1 0 0 0 1 2 2 3 2 2 1 1 1 1 1 1 1 0 0 
4 3 4 5 6 7 6 5 5 4 3 3 3 2 2 1 1 1 2 1 1 0 0 0 1 1 2 2 2 2 1 1 0 0 1 1 1 0 0 
5 5 5 5 5 6 7 6 6 5 5 4 3 2 1 1 1 1 1 1 0 0 0 0 0 1 1 1 1 1 1 1 0 0 0 0 0 0 0 
8 8 7 7 7 6 8 8 7 7 8 7 4 3 2 1 1 1 1 1 0 0 0 0 0 0 1 0 0 0 0 0 0 0 0 0 0 0 0 
11 10 10 11 10 8 9 9 9 9 10 9 6 4 2 1 1 1 1 1 1 0 0 0 0 0 0 0 0 0 0 0 0 0 0 0 0 0 0 
15 17 16 16 16 15 14 12 12 12 11 9 7 5 2 2 2 1 1 1 1 0 0 0 0 0 0 0 0 0 0 0 0 0 0 0 0 0 0 
21 21 21 19 21 19 16 14 13 12 10 8 7 6 3 2 2 1 1 1 1 0 0 0 0 0 0 0 0 0 0 0 0 0 0 0 0 0 0 
23 19 21 20 20 18 15 11 10 10 9 8 8 6 3 2 2 2 2 1 0 0 0 0 0 0 0 0 0 0 0 0 0 0 0 0 0 0 0 
18 14 16 16 15 13 10 7 6 7 6 7 8 7 3 2 2 2 1 1 0 0 0 0 0 0 0 0 0 0 0 0 0 0 0 0 0 0 0 
13 11 13 9 11 9 7 6 5 5 5 5 6 7 4 2 2 2 1 1 0 0 0 0 0 0 0 0 0 0 0 0 0 0 0 0 0 0 0 
10 9 7 8 11 8 6 6 5 5 5 4 5 6 4 2 2 2 2 1 1 0 0 0 0 0 0 0 0 0 0 0 0 0 0 0 0 0 0 
8 7 7 9 10 8 6 7 6 5 5 4 4 4 3 2 1 1 2 2 1 1 0 0 0 0 0 0 0 0 0 0 0 0 0 0 0 0 0 
6 5 5 5 5 5 5 7 6 4 3 3 2 2 2 1 1 1 2 1 2 2 1 0 0 0 0 0 0 0 0 0 0 0 0 0 0 0 0 
5 3 3 3 3 3 4 4 4 3 2 1 1 1 1 1 1 1 1 1 2 2 1 1 0 0 0 0 0 0 0 0 0 0 0 0 0 0 0 
3 2 2 2 2 2 2 2 2 1 1 1 0 0 1 0 0 0 1 1 1 2 1 1 1 0 0 0 0 0 0 0 0 0 0 0 0 0 0 
2 2 1 1 1 1 1 1 1 0 0 0 0 0 1 0 0 0 0 0 1 3 2 1 1 1 0 0 0 0 0 0 0 1 0 0 0 0 0 
2 1 1 1 1 1 1 1 0 0 0 0 0 0 0 0 0 0 0 0 0 2 2 2 2 1 0 0 0 0 0 0 0 0 0 0 0 0 0 
1 1 1 1 1 1 1 0 0 0 0 0 0 0 0 0 0 0 0 0 0 1 2 2 2 1 0 0 0 0 0 0 0 0 0 0 0 0 0 
1 1 1 1 0 0 0 0 0 0 0 0 0 0 0 0 0 0 0 0 0 0 1 1 1 1 0 0 0 0 0 0 0 1 1 0 0 1 0 
0 0 0 0 0 0 0 0 0 0 0 0 0 0 0 0 0 0 0 0 0 0 1 1 1 0 0 0 0 0 0 0 0 1 1 1 1 1 1 
0 0 0 0 0 0 0 0 0 0 0 0 0 0 0 0 0 0 0 0 0 0 0 0 0 0 0 0 0 0 0 0 1 1 1 1 1 1 1 
0 0 0 0 0 0 0 0 0 0 0 0 0 0 0 0 0 0 0 0 0 0 0 0 0 0 0 0 0 0 0 0 1 1 1 1 1 0 0 
0 0 0 0 0 0 0 0 0 0 0 0 0 0 0 0 0 0 0 0 0 0 0 0 0 0 0 0 0 0 0 0 0 1 1 1 1 0 0 
