ncols         39
nrows         45
xllcorner     730086,45681251
yllcorner     7516530,3327177
cellsize      1000
NODATA_value  -9999 
0 0 0 0 0 0 0 0 0 1 1 2 4 3 2 2 3 3 4 5 6 9 11 11 9 7 4 3 2 1 1 2 3 4 5 4 4 4 3 
0 0 0 0 0 0 0 0 0 0 1 2 2 2 2 2 3 3 4 6 7 10 12 12 12 9 8 5 3 2 2 2 4 7 7 5 6 6 4 
0 0 0 0 0 0 0 0 0 1 1 1 1 2 4 4 3 3 5 7 11 12 13 13 12 10 9 6 3 3 3 5 6 7 9 7 7 7 5 
0 0 0 0 0 0 0 0 0 0 1 1 1 2 6 5 4 4 5 9 14 15 13 14 13 10 9 7 4 4 4 5 7 9 11 10 7 7 7 
0 0 0 0 0 0 0 0 0 0 0 0 1 2 5 5 4 3 4 8 14 17 14 12 12 9 8 7 5 5 5 6 7 9 10 11 9 5 6 
0 0 0 0 0 0 0 0 0 0 0 0 1 1 3 3 3 3 3 6 9 13 12 11 10 7 7 6 5 4 5 6 7 8 9 8 6 4 5 
0 0 0 0 0 0 0 0 0 0 0 0 0 1 1 2 2 2 3 4 5 7 9 8 9 7 5 5 5 4 5 6 7 7 5 5 5 5 6 
0 0 0 0 0 0 0 0 0 0 0 0 0 1 1 1 2 2 2 3 3 4 6 6 6 6 5 4 4 4 4 4 4 6 5 3 3 4 6 
0 0 0 0 0 0 0 0 0 0 0 0 0 0 1 1 2 2 2 2 3 3 4 5 5 5 4 3 3 3 4 4 4 4 3 3 3 4 7 
0 0 0 0 0 0 0 0 0 0 0 0 0 0 1 1 2 2 2 2 2 3 3 4 4 4 3 3 3 3 4 3 3 3 3 3 3 3 7 
0 0 0 0 0 0 0 0 0 0 0 0 0 0 1 1 1 1 1 1 2 2 2 3 3 3 3 3 3 3 3 4 3 3 3 3 3 3 5 
0 0 0 0 0 0 0 0 0 1 1 0 0 1 1 1 1 1 1 1 1 2 2 3 3 3 3 3 3 3 2 2 3 2 2 2 2 2 4 
0 0 0 0 0 0 0 0 0 1 1 1 0 1 1 1 1 1 1 1 1 1 2 2 3 3 3 3 3 3 2 2 2 3 2 2 2 2 3 
0 0 0 0 0 0 0 0 1 1 1 1 1 1 1 1 1 1 1 1 1 1 1 2 2 2 2 2 3 3 2 2 2 2 2 1 2 2 2 
0 1 0 0 0 0 1 1 1 1 1 1 1 0 1 1 1 1 1 1 1 1 1 1 1 2 2 3 3 3 2 2 2 2 2 1 1 2 2 
1 1 1 1 1 1 1 1 1 1 1 1 1 1 1 1 1 1 1 1 1 1 1 1 1 2 2 3 3 2 2 2 2 2 2 2 1 2 2 
1 1 1 1 1 1 1 1 1 1 1 1 1 1 1 1 1 1 1 1 1 1 1 1 1 2 2 3 3 2 2 2 2 3 2 2 2 2 2 
2 2 1 1 1 1 2 2 1 1 1 1 1 1 1 1 1 1 1 1 1 1 1 1 1 2 2 2 3 2 2 2 2 2 4 3 2 2 3 
2 2 2 2 2 2 2 2 2 1 1 2 2 1 1 1 1 1 1 1 1 1 1 1 1 1 2 2 3 2 2 2 2 2 3 4 3 2 3 
2 2 2 2 2 2 2 2 2 2 2 2 2 2 1 1 1 1 1 1 1 1 1 1 1 1 1 2 2 2 3 2 2 3 2 5 4 3 5 
3 2 2 2 2 2 2 2 2 2 2 2 2 2 1 1 1 1 1 1 1 1 1 1 1 1 1 2 2 2 2 2 2 2 3 6 5 3 4 
2 2 2 2 2 3 2 2 2 2 2 2 2 2 1 1 1 1 1 1 0 0 0 0 1 1 1 4 3 2 1 1 1 2 3 5 6 3 3 
3 3 3 3 3 3 3 3 2 2 2 3 3 2 1 1 1 1 1 1 1 0 0 0 1 1 1 1 2 2 1 1 1 2 2 4 4 4 2 
2 2 3 3 3 3 3 3 3 3 2 3 3 2 1 1 1 1 1 1 1 1 1 0 1 1 1 2 2 2 1 2 1 1 1 3 5 3 2 
2 3 3 4 4 3 3 3 3 2 2 2 2 2 1 1 1 1 1 1 1 1 1 1 1 1 1 1 1 2 2 2 2 2 1 2 4 3 2 
3 3 3 3 3 3 3 3 2 2 3 2 2 2 1 1 1 1 1 1 1 1 1 1 1 1 1 1 1 2 1 1 2 2 2 2 3 3 2 
3 3 3 3 3 3 3 3 2 3 3 2 2 2 1 1 1 1 1 1 1 1 1 1 1 1 1 1 1 2 1 1 1 2 2 2 3 2 2 
3 3 3 3 3 3 3 2 3 3 3 3 2 2 2 2 1 1 1 2 2 1 1 1 1 1 1 1 1 2 1 1 1 2 2 2 2 2 2 
3 3 3 3 3 2 2 3 3 4 4 3 3 2 2 2 2 2 2 2 2 2 1 1 1 1 1 1 1 2 2 1 1 2 1 2 2 2 2 
3 3 2 3 3 3 3 3 4 4 4 3 3 2 2 2 3 2 2 2 2 2 1 1 1 1 1 1 2 2 2 1 1 2 2 2 2 2 1 
3 3 4 4 3 3 3 4 4 4 4 3 3 3 3 3 3 3 2 2 2 2 2 2 1 1 1 1 2 2 2 1 2 2 2 2 2 2 1 
3 3 4 4 4 3 3 4 4 4 4 4 3 3 3 3 3 3 3 3 2 2 1 1 1 1 1 1 2 2 2 1 1 2 2 2 2 2 1 
3 3 3 4 4 3 3 4 5 4 4 4 4 4 3 3 4 4 3 3 2 2 1 1 1 1 1 1 2 2 2 1 1 2 2 2 2 1 1 
3 3 3 3 3 3 3 4 5 4 4 4 4 4 4 4 4 4 3 3 2 2 1 1 1 1 1 1 2 2 2 2 2 2 2 2 1 1 1 
3 3 3 3 3 4 4 5 5 4 4 4 4 5 5 5 5 4 3 3 2 1 1 1 1 1 1 1 2 2 2 2 2 2 2 2 1 1 1 
3 3 3 3 3 4 4 5 5 5 5 4 5 6 7 6 5 5 3 2 2 1 1 1 1 1 2 2 2 2 2 2 2 2 2 2 2 1 2 
3 3 3 3 3 4 4 4 5 5 5 5 5 7 7 6 5 4 3 2 1 1 1 1 1 1 2 2 2 2 2 2 2 2 2 2 2 1 2 
2 3 2 3 3 3 3 4 5 5 5 4 4 6 7 6 5 4 3 2 1 1 1 1 1 1 2 2 2 2 2 2 3 2 2 2 1 1 1 
2 3 2 3 2 2 3 3 4 4 4 4 5 6 7 6 5 4 3 2 2 1 1 1 1 2 2 2 3 2 2 2 2 2 2 1 1 1 1 
2 2 2 2 2 2 3 3 4 4 4 5 6 6 7 7 5 4 3 2 2 1 1 1 1 1 1 2 2 2 2 2 2 2 2 1 1 1 1 
2 2 2 2 2 2 3 3 3 3 4 4 5 5 5 5 4 3 3 3 2 1 1 1 1 1 1 1 2 2 1 1 2 2 1 1 1 1 1 
1 2 2 2 2 2 3 3 3 3 3 4 4 4 4 4 3 3 3 3 2 1 1 0 1 1 1 1 2 2 1 1 2 2 2 2 1 1 1 
1 1 2 2 2 2 2 3 3 3 3 4 4 4 4 4 3 3 3 3 3 2 1 1 1 1 1 2 3 2 2 1 1 2 2 2 2 2 1 
1 1 1 2 2 2 2 3 3 3 3 3 3 3 4 4 3 3 3 3 4 3 1 1 1 1 1 1 2 2 2 1 1 1 2 2 2 1 1 
1 1 1 2 2 2 2 2 2 3 2 3 3 3 3 3 3 3 3 3 3 3 2 0 0 1 1 1 2 2 1 2 1 1 1 2 1 1 1 
